21
264
411
414
417
418
419
427
429
434
438
440
441
443
444
446
447
448
450
452
453
455
456
457
462
463
464
469
470
473
478
481
482
485
488
496
501
504
506
508
514
515
519
529
533
539
545
549
559
567
569
572
573
574
587
592
600
601
604
608
610
611
615
616
618
619
626
629
636
643
644
648
653
658
667
669
672
677
679
681
686
692
693
696
697
700
709
710
711
719
720
722
723
728
733
735
737
741
748
752
767
769
770
772
773
774
783
790
794
804
805
806
809
828
834
836
837
840
841
842
846
852
855
868
879
883
885
890
893
898
902
903
904
905
907
910
911
917
921
922
923
968
999
